

                        SIMPLE  UPSETTINM       =            0.2
                                       0      50    0.05
                                    0.01    1000
                                       1
                                     0.2
                                      81
                                       1       0     7.5
                                       2    3.75     7.5
                                       3     7.5     7.5
                                       4   11.25     7.5
                                       5      15     7.5
                                       6   18.75     7.5
                                       7    22.5     7.5
                                       8   26.25     7.5
                                       9      30     7.5
                                      10       0  6.5625
                                      11    3.75  6.5625
                                      12     7.5  6.5625
                                      13   11.25  6.5625
                                      14      15  6.5625
                                      15   18.75  6.5625
                                      16    22.5  6.5625
                                      17   26.25  6.5625
                                      18      30  6.5625
                                      19       0   5.625
                                      20    3.75   5.625
                                      21     7.5   5.625
                                      22   11.25   5.625
                                      23      15   5.625
                                      24   18.75   5.625
                                      25    22.5   5.625
                                      26   26.25   5.625
                                      27      30   5.625
                                      28       0  4.6875
                                      29    3.75  4.6875
                                      30     7.5  4.6875
                                      31   11.25  4.6875
                                      32      15  4.6875
                                      33   18.75  4.6875
                                      34    22.5  4.6875
                                      35   26.25  4.6875
                                      36      30  4.6875
                                      37       0    3.75
                                      38    3.75    3.75
                                      39     7.5    3.75
                                      40   11.25    3.75
                                      41      15    3.75
                                      42   18.75    3.75
                                      43    22.5    3.75
                                      44   26.25    3.75
                                      45      30    3.75
                                      46       0  2.8125
                                      47    3.75  2.8125
                                      48     7.5  2.8125
                                      49   11.25  2.8125
                                      50      15  2.8125
                                      51   18.75  2.8125
                                      52    22.5  2.8125
                                      53   26.25  2.8125
                                      54      30  2.8125
                                      55       0   1.875
                                      56    3.75   1.875
                                      57     7.5   1.875
                                      58   11.25   1.875
                                      59      15   1.875
                                      60   18.75   1.875
                                      61    22.5   1.875
                                      62   26.25   1.875
                                      63      30   1.875
                                      64       0  0.9375
                                      65    3.75  0.9375
                                      66     7.5  0.9375
                                      67   11.25  0.9375
                                      68      15  0.9375
                                      69   18.75  0.9375
                                      70    22.5  0.9375
                                      71   26.25  0.9375
                                      72      30  0.9375
                                      73       0       0
                                      74    3.75       0
                                      75     7.5       0
                                      76   11.25       0
                                      77      15       0
                                      78   18.75       0
                                      79    22.5       0
                                      80   26.25       0
                                      81      30       0
                                      64
                                       1       1      10      11       2
                                       2       2      11      12       3
                                       3       3      12      13       4
                                       4       4      13      14       5
                                       5       5      14      15       6
                                       6       6      15      16       7
                                       7       7      16      17       8
                                       8       8      17      18       9
                                       9      10      19      20      11
                                      10      11      20      21      12
                                      11      12      21      22      13
                                      12      13      22      23      14
                                      13      14      23      24      15
                                      14      15      24      25      16
                                      15      16      25      26      17
                                      16      17      26      27      18
                                      17      19      28      29      20
                                      18      20      29      30      21
                                      19      21      30      31      22
                                      20      22      31      32      23
                                      21      23      32      33      24
                                      22      24      33      34      25
                                      23      25      34      35      26
                                      24      26      35      36      27
                                      25      28      37      38      29
                                      26      29      38      39      30
                                      27      30      39      40      31
                                      28      31      40      41      32
                                      29      32      41      42      33
                                      30      33      42      43      34
                                      31      34      43      44      35
                                      32      35      44      45      36
                                      33      37      46      47      38
                                      34      38      47      48      39
                                      35      39      48      49      40
                                      36      40      49      50      41
                                      37      41      50      51      42
                                      38      42      51      52      43
                                      39      43      52      53      44
                                      40      44      53      54      45
                                      41      46      55      56      47
                                      42      47      56      57      48
                                      43      48      57      58      49
                                      44      49      58      59      50
                                      45      50      59      60      51
                                      46      51      60      61      52
                                      47      52      61      62      53
                                      48      53      62      63      54
                                      49      55      64      65      56
                                      50      56      65      66      57
                                      51      57      66      67      58
                                      52      58      67      68      59
                                      53      59      68      69      60
                                      54      60      69      70      61
                                      55      61      70      71      62
                                      56      62      71      72      63
                                      57      64      73      74      65
                                      58      65      74      75      66
                                      59      66      75      76      67
                                      60      67      76      77      68
                                      61      68      77      78      69
                                      62      69      78      79      70
                                      63      70      79      80      71
                                      64      71      80      81      72
                                       1       1       3
                                       2       0       3
                                       3       0       3
                                       4       0       3
                                       5       0       3
                                       6       0       3
                                       7       0       3
                                       8       0       3
                                       9       0       3
                                      10       1       0
                                      19       1       0
                                      28       1       0
                                      37       1       0
                                      46       1       0
                                      55       1       0
                                      64       1       0
                                      73       1       1
                                      74       0       1
                                      75       0       1
                                      76       0       1
                                      77       0       1
                                      78       0       1
                                      79       0       1
                                      80       0       1
                                      81       0       1
                                       1       0      -1
                                       2       0      -1
                                       3       0      -1
                                       4       0      -1
                                       5       0      -1
                                       6       0      -1
                                       7       0      -1
                                       8       0      -1
                                       9       0      -1
                                      81       0       0
